=== RUN   Test_slice01
len(s)=11 cap(s)=20
s=[0, 0, 0, 0, 0, 0, 0, 0, 0, 0, 1]
--- PASS: Test_slice01 (0.00s)
=== RUN   Test_slice02
len(s)=1 cap(s)=10
s=[1]
--- PASS: Test_slice02 (0.00s)
=== RUN   Test_slice03
len(s)=11 cap(s)=11
s=[0, 0, 0, 0, 0, 0, 0, 0, 0, 0, 1]
--- PASS: Test_slice03 (0.00s)
=== RUN   Test_slice04
len(s)=10 cap(s)=12
s=[0, 0, 0, 0, 0, 0, 0, 0, 0, 0]
len(s1)=2 cap(s1)=4
s1=[0, 0]
--- PASS: Test_slice04 (0.00s)
=== RUN   Test_slice05
len(s)=10 cap(s)=12
s=[0, 0, 0, 0, 0, 0, 0, 0, 0, 0]
len(s1)=1 cap(s1)=4
s1=[0]
--- PASS: Test_slice05 (0.00s)
=== RUN   Test_slice06
len(s)=10 cap(s)=12
s=[0, 0, 0, 0, 0, 0, 0, 0, 1, 0]
len(s1)=1 cap(s1)=4
s1=[1]
--- PASS: Test_slice06 (0.00s)
=== RUN   Test_slice07
err occur
runtime error: index out of range [10] with length 10
--- PASS: Test_slice07 (0.00s)
=== RUN   Test_slice08
err occur
runtime error: index out of range [10] with length 10
--- PASS: Test_slice08 (0.00s)
=== RUN   Test_slice09
len(s)=10 cap(s)=12
s=[0, 0, 0, 0, 0, 0, 0, 0, 1, 0]
len(s1)=2 cap(s1)=4
s1=[1, 0]
--- PASS: Test_slice09 (0.00s)
=== RUN   Test_slice10
len(s)=10 cap(s)=12
s=[0, 0, 0, 0, 0, 0, 0, 0, 0, 0]
len(s1)=2 cap(s1)=4
s1=[0, 0]
--- PASS: Test_slice10 (0.00s)
=== RUN   Test_slice11
len(s)=5 cap(s)=5
s=[0, 1, 3, 4, 4]
no err occur
--- PASS: Test_slice11 (0.00s)
=== RUN   Test_slice12
len(s)=513 cap(s)=848
s=[0, 0, 0, 0, 0, 0, 0, 0, 0, 0, 0, 0, 0, 0, 0, 0, 0, 0, 0, 0, 0, 0, 0, 0, 0, 0, 0, 0, 0, 0, 0, 0, 0, 0, 0, 0, 0, 0, 0, 0, 0, 0, 0, 0, 0, 0, 0, 0, 0, 0, 0, 0, 0, 0, 0, 0, 0, 0, 0, 0, 0, 0, 0, 0, 0, 0, 0, 0, 0, 0, 0, 0, 0, 0, 0, 0, 0, 0, 0, 0, 0, 0, 0, 0, 0, 0, 0, 0, 0, 0, 0, 0, 0, 0, 0, 0, 0, 0, 0, 0, 0, 0, 0, 0, 0, 0, 0, 0, 0, 0, 0, 0, 0, 0, 0, 0, 0, 0, 0, 0, 0, 0, 0, 0, 0, 0, 0, 0, 0, 0, 0, 0, 0, 0, 0, 0, 0, 0, 0, 0, 0, 0, 0, 0, 0, 0, 0, 0, 0, 0, 0, 0, 0, 0, 0, 0, 0, 0, 0, 0, 0, 0, 0, 0, 0, 0, 0, 0, 0, 0, 0, 0, 0, 0, 0, 0, 0, 0, 0, 0, 0, 0, 0, 0, 0, 0, 0, 0, 0, 0, 0, 0, 0, 0, 0, 0, 0, 0, 0, 0, 0, 0, 0, 0, 0, 0, 0, 0, 0, 0, 0, 0, 0, 0, 0, 0, 0, 0, 0, 0, 0, 0, 0, 0, 0, 0, 0, 0, 0, 0, 0, 0, 0, 0, 0, 0, 0, 0, 0, 0, 0, 0, 0, 0, 0, 0, 0, 0, 0, 0, 0, 0, 0, 0, 0, 0, 0, 0, 0, 0, 0, 0, 0, 0, 0, 0, 0, 0, 0, 0, 0, 0, 0, 0, 0, 0, 0, 0, 0, 0, 0, 0, 0, 0, 0, 0, 0, 0, 0, 0, 0, 0, 0, 0, 0, 0, 0, 0, 0, 0, 0, 0, 0, 0, 0, 0, 0, 0, 0, 0, 0, 0, 0, 0, 0, 0, 0, 0, 0, 0, 0, 0, 0, 0, 0, 0, 0, 0, 0, 0, 0, 0, 0, 0, 0, 0, 0, 0, 0, 0, 0, 0, 0, 0, 0, 0, 0, 0, 0, 0, 0, 0, 0, 0, 0, 0, 0, 0, 0, 0, 0, 0, 0, 0, 0, 0, 0, 0, 0, 0, 0, 0, 0, 0, 0, 0, 0, 0, 0, 0, 0, 0, 0, 0, 0, 0, 0, 0, 0, 0, 0, 0, 0, 0, 0, 0, 0, 0, 0, 0, 0, 0, 0, 0, 0, 0, 0, 0, 0, 0, 0, 0, 0, 0, 0, 0, 0, 0, 0, 0, 0, 0, 0, 0, 0, 0, 0, 0, 0, 0, 0, 0, 0, 0, 0, 0, 0, 0, 0, 0, 0, 0, 0, 0, 0, 0, 0, 0, 0, 0, 0, 0, 0, 0, 0, 0, 0, 0, 0, 0, 0, 0, 0, 0, 0, 0, 0, 0, 0, 0, 0, 0, 0, 0, 0, 0, 0, 0, 0, 0, 0, 0, 0, 0, 0, 0, 0, 0, 0, 0, 0, 0, 0, 0, 0, 0, 0, 0, 0, 0, 0, 0, 0, 0, 0, 0, 0, 0, 0, 0, 0, 0, 1]
--- PASS: Test_slice12 (0.00s)
PASS
ok  	command-line-arguments	0.123s
